Question,Starting Column,Variable Name,Field Length,DESC,Keep
0,1,_STATE,2,State,Yes
1,16,FMONTH,2,File_Month,Yes
2,18,IDATE,8,Interview_Date,Yes
3,18,IMONTH,2,Interview_Month,Yes
4,20,IDAY,2,Interview_Day,Yes
5,22,IYEAR,4,Interview_Year,Yes
6,31,DISPCODE,4,,No
7,35,SEQNO,10,SEQN,Yes
8,35,_PSU,10,Primary_Sampling_Unit,Yes
9,62,CTELENUM,1,,No
10,63,PVTRESD1,1,Private_Residence,Yes
11,64,COLGHOUS,1,College_Housing,Yes
12,65,STATERES,1,,No
13,66,CELLFON3,1,,No
14,67,LADULT,1,Is_Adult,Yes
15,68,NUMADULT,2,,No
16,70,NUMMEN,2,,No
17,72,NUMWOMEN,2,,No
18,80,GENHLTH,1,General_Health,Yes
19,81,PHYSHLTH,2,Physical_Health,Yes
20,83,MENTHLTH,2,Mental_Health,Yes
21,85,POORHLTH,2,Days_of_Poor_Health_past_30_days,Yes
22,87,HLTHPLN1,1,,No
23,88,PERSDOC2,1,,No
24,89,MEDCOST,1,,No
25,90,CHECKUP1,1,,No
26,91,SLEPTIM1,2,Sleep_per_day_hours,Yes
27,93,BPHIGH4,1,High_BP,Yes
28,94,BPMEDS,1,BP_Meds,Yes
29,95,BLOODCHO,1,Cholesterol_Awareness,Yes
30,96,CHOLCHK,1,Last_Cholesterol_Check,Yes
31,97,TOLDHI2,1,High_Cholesterol,Yes
32,98,CVDINFR4,1,Had_Heart_Attack,Yes
33,99,CVDCRHD4,1,Had_Heart_Disease,Yes
34,100,CVDSTRK3,1,Had_Stroke,Yes
35,101,ASTHMA3,1,,No
36,102,ASTHNOW,1,,No
37,103,CHCSCNCR,1,,No
38,104,CHCOCNCR,1,,No
39,105,CHCCOPD1,1,,No
40,106,HAVARTH3,1,,No
41,107,ADDEPEV2,1,,No
42,108,CHCKIDNY,1,,No
43,109,DIABETE3,1,Had_Diabetes,Yes
44,146,VETERAN3,1,Served_on_Active_Duty,Yes
45,147,MARITAL,1,Marital,Yes
46,148,CHILDREN,2,Number_of_Children,Yes
47,150,EDUCA,1,Educatio_Level,Yes
48,151,EMPLOY1,1,Employment,Yes
49,152,INCOME2,2,Income,Yes
50,154,WEIGHT2,4,Weight,No
51,158,HEIGHT3,4,Height,No
52,170,NUMHHOL2,1,,No
53,171,NUMPHON2,1,,No
54,172,CPDEMO1,1,,No
55,173,CPDEMO4,3,,No
56,176,INTERNET,1,,No
57,177,RENTHOM1,1,,No
58,178,SEX,1,Gender,Yes
59,179,PREGNANT,1,,No
60,180,QLACTLM2,1,Limited_physical_activity,Yes
61,181,USEEQUIP,1,Uses_special_equipment,Yes
62,182,BLIND,1,,No
63,183,DECIDE,1,Difficulty_decision_making,Yes
64,184,DIFFWALK,1,Difficulty_walking__climbing,Yes
65,185,DIFFDRES,1,Difficulty_dressing__bathing,Yes
66,186,DIFFALON,1,Difficulty_running_errands,Yes
67,187,SMOKE100,1,Smoke_GT_100_cigarettes,Later
68,188,SMOKDAY2,1,Smoke_current_status,Later
69,189,STOPSMK2,1,Smoke_tried_to_quit,Later
70,190,LASTSMK2,2,Smoke_time_since_last_smoke,Later
71,192,USENOW3,1,Smoke_now,Later
72,193,ALCDAY5,3,Alcohol_Frequency,No
73,196,AVEDRNK2,2,Alcohol_Drinks_per_occasion,Yes
74,198,DRNK3GE5,2,Alcohol_Binge_days_per_month,Yes
75,200,MAXDRNKS,2,Alcohol_Max_drinks_in last_month,Yes
76,202,FRUITJU1,3,Nutrition_Fruit_juice_consumption,No
77,205,FRUIT1,3,Nutrition_Fruit_consumption,No
78,208,FVBEANS,3,Nutrition_Beans_consumption,No
79,211,FVGREEN,3,Nutrition_Greens_consumption,No
80,214,FVORANG,3,Nutrition_Orange_veg_consumption,No
81,217,VEGETAB1,3,Nutrition_Other_veg_consumption,No
82,220,EXERANY2,1,Exercise,Yes
83,221,EXRACT11,2,Physical_activity_1,Yes
84,223,EXEROFT1,3,Physical_activity_1__frequency,No
85,226,EXERHMM1,3,Physical_activity_1__duration,Yes
86,229,EXRACT21,2,Physical_activity_2,Yes
87,231,EXEROFT2,3,Physical_activity_2__frequency,No
88,234,EXERHMM2,3,Physical_activity_2__duration,Yes
89,237,STRENGTH,3,Strength_Activity_Weekly_frequency,No
90,240,LMTJOIN3,1,,No
91,241,ARTHDIS2,1,,No
92,242,ARTHSOCL,1,,No
93,243,JOINPAIN,2,,No
94,245,SEATBELT,1,,No
95,246,FLUSHOT6,1,,No
96,247,FLSHTMY2,6,,No
97,253,TETANUS,1,,No
98,254,PNEUVAC3,1,,No
99,255,HIVTST6,1,,No
100,256,HIVTSTD3,6,,No
101,262,WHRTST10,2,,No
102,270,PDIABTST,1,,Later
103,271,PREDIAB1,1,,Later
104,272,DIABAGE2,2,,Later
105,274,INSULIN,1,,Later
106,275,BLDSUGAR,3,,Later
107,278,FEETCHK2,3,,Later
108,281,DOCTDIAB,2,,Later
109,283,CHKHEMO3,2,,Later
110,285,FEETCHK,2,,Later
111,287,EYEEXAM,1,,Later
112,288,DIABEYE,1,,Later
113,289,DIABEDU,1,,Later
114,290,PAINACT2,2,,No
115,292,QLMENTL2,2,,No
116,294,QLSTRES2,2,,No
117,296,QLHLTH2,2,,No
118,298,MEDICARE,1,,No
119,299,HLTHCVRG,14,,No
120,313,DELAYMED,1,,No
121,314,DLYOTHER,25,,No
122,339,NOCOV121,1,,No
123,340,LSTCOVRG,1,,No
124,341,DRVISITS,2,,No
125,343,MEDSCOST,1,,No
126,344,CARERCVD,1,,No
127,345,MEDBILLS,1,,No
128,346,SSBSUGAR,3,Nutrition_Sugar_Drinks,No
129,349,SSBFRUT2,3,Nutrition_Sugar_fruit_drinks,No
130,352,WTCHSALT,1,Watching_salt_intake,Yes
131,353,LONGWTCH,3,,No
132,356,DRADVISE,1,Doctor_advised_salt_reduction,Yes
133,357,ASTHMAGE,2,,No
134,359,ASATTACK,1,,No
135,360,ASERVIST,2,,No
136,362,ASDRVIST,2,,No
137,364,ASRCHKUP,2,,No
138,366,ASACTLIM,3,,No
139,369,ASYMPTOM,1,,No
140,370,ASNOSLEP,1,,No
141,371,ASTHMED3,1,,No
142,372,ASINHALR,1,,No
143,373,HAREHAB1,1,,Later
144,374,STREHAB1,1,,Later
145,375,CVDASPRN,1,,Later
146,376,ASPUNSAF,1,,Later
147,377,RLIVPAIN,1,,Later
148,378,RDUCHART,1,,Later
149,379,RDUCSTRK,1,,Later
150,380,ARTTODAY,1,,No
151,381,ARTHWGT,1,,No
152,382,ARTHEXER,1,,No
153,383,ARTHEDU,1,,No
154,384,IMFVPLAC,2,,No
155,386,HPVADVC2,1,,No
156,387,HPVADSHT,2,,No
157,389,HADMAM,1,,No
158,390,HOWLONG,1,,No
159,391,PROFEXAM,1,,No
160,392,LENGEXAM,1,,No
161,393,HADPAP2,1,,No
162,394,LASTPAP2,1,,No
163,395,HADHYST2,1,,No
164,396,BLDSTOOL,1,,No
165,397,LSTBLDS3,1,,No
166,398,HADSIGM3,1,,No
167,399,HADSGCO1,1,,No
168,400,LASTSIG3,1,,No
169,401,PCPSAAD2,1,,Later
170,402,PCPSADI1,1,,Later
171,403,PCPSARE1,1,,Later
172,404,PSATEST1,1,,Later
173,405,PSATIME,1,,Later
174,406,PCPSARS1,1,,Later
175,407,PCPSADE1,1,,Later
176,408,PCDMDECN,4,,Later
177,412,RRCLASS2,1,,No
178,413,RRCOGNT2,1,,No
179,414,RRATWRK2,1,,No
180,415,RRHCARE3,1,,No
181,416,RRPHYSM2,1,,No
182,417,RREMTSM2,1,,No
183,418,MISNERVS,1,,Later
184,419,MISHOPLS,1,,Later
185,420,MISRSTLS,1,,Later
186,421,MISDEPRD,1,,Later
187,422,MISEFFRT,1,,Later
188,423,MISWTLES,1,,Later
189,424,MISNOWRK,2,,Later
190,426,MISTMNT,1,,Later
191,427,MISTRHLP,1,,Later
192,428,MISPHLPF,1,,Later
193,479,SCNTMONY,1,,No
194,480,SCNTMEAL,1,,No
195,481,SCNTPAID,1,,No
196,482,SCNTWRK1,2,,No
197,484,SCNTLPAD,1,,No
198,485,SCNTLWK1,2,,No
199,487,SCNTVOT1,1,,No
200,494,RCSGENDR,1,,No
201,529,RCSRLTN2,1,,No
202,530,CASTHDX2,1,,No
203,531,CASTHNO2,1,,No
204,532,EMTSUPRT,1,,No
205,533,LSATISFY,1,,No
206,580,CTELNUM1,1,,No
207,581,CELLFON2,1,,No
208,582,CADULT,1,,No
209,583,PVTRESD2,1,,No
210,584,CCLGHOUS,1,,No
211,585,CSTATE,1,,No
212,588,LANDLINE,1,,No
213,589,PCTCELL,3,,No
214,592,QSTVER,2,,No
215,594,QSTLANG,2,,No
216,1306,MSCODE,1,,No
217,1307,_STSTR,6,,No
218,1313,_STRWT,10,,No
219,1343,_RAWRAKE,10,,No
220,1353,_WT2RAKE,10,,No
221,1367,_IMPRACE,2,,No
222,1369,_IMPNPH,1,,No
223,1373,_IMPEDUC,1,,No
224,1374,_IMPMRTL,1,,No
225,1375,_IMPHOME,1,,No
226,1560,_CHISPNC,1,,No
227,1617,_CRACE1,2,,No
228,1619,_IMPCAGE,1,,No
229,1620,_IMPCRAC,1,,No
230,1621,_IMPCSEX,1,,No
231,1748,_CLLCPWT,10,,No
232,1884,_DUALUSE,1,,No
233,1885,_DUALCOR,10,,No
234,1895,_LLCPWT2,10,,No
235,1953,_LLCPWT,10,,No
236,2101,_RFHLTH,1,,No
237,2102,_HCVU651,1,,No
238,2103,_RFHYPE5,1,,Later
239,2104,_CHOLCHK,1,,Later
240,2105,_RFCHOL,1,,Later
241,2106,_LTASTH1,1,,No
242,2107,_CASTHM1,1,,No
243,2108,_ASTHMS1,1,,No
244,2109,_DRDXAR1,1,,No
245,2166,_PRACE1,2,,No
246,2168,_MRACE1,2,,No
247,2172,_HISPANC,1,,No
248,2173,_RACE,1,,No
249,2174,_RACEG21,1,,No
250,2175,_RACEGR3,1,,No
251,2176,_RACE_G1,1,,No
252,2177,_AGEG5YR,2,Age_category,Yes
253,2179,_AGE65YR,1,,No
254,2180,_AGE_G,1,,No
255,2181,HTIN4,3,Height_inches,Yes
256,2184,HTM4,3,Height_m,Yes
257,2187,WTKG3,5,Weight_kg,Yes
258,2192,_BMI5,4,BMI,Yes
259,2196,_BMI5CAT,1,BMI_Category,Yes
260,2197,_RFBMI5,1,BMI_Obesity,Yes
261,2198,_CHLDCNT,1,,No
262,2199,_EDUCAG,1,Demo_edu_level,Yes
263,2200,_INCOMG,1,Demo_income_group,Yes
264,2201,_SMOKER3,1,Smoke_smoker_type,Later
265,2202,_RFSMOK3,1,Smoke_current_smoker,Later
266,2203,DRNKANY5,1,Alcohol_any_drink_in_last_month,Yes
267,2204,DROCDY3_,3,Drink_occasions_per_day,Yes
268,2207,_RFBING5,1,Alcohol_Binge_drinker,Yes
269,2208,_DRNKDY4,4,Alcohol_Drinks_per_day,Yes
270,2212,_DRNKMO4,4,Alcohol_Drinks_per_month,Yes
271,2216,_RFDRHV4,1,,No
272,2217,_RFDRMN4,1,,No
273,2218,_RFDRWM4,1,,No
274,2219,FTJUDA1_,4,Nutrition_Fruit_juice_times_per_day,Yes
275,2223,FRUTDA1_,4,Nutrition_Fruit_times_per_day,Yes
276,2227,BEANDAY_,4,Nutrition_Beans_times_per_day,Yes
277,2231,GRENDAY_,4,Nutrition_Green_times_per_day,Yes
278,2235,ORNGDAY_,4,Nutrition_Orange_veg_times_per_day,Yes
279,2239,VEGEDA1_,4,Nutrition_Vegetable_times_per_day,Yes
280,2243,_MISFRTN,1,,No
281,2244,_MISVEGN,1,,No
282,2245,_FRTRESP,1,,No
283,2246,_VEGRESP,1,,No
284,2247,_FRUTSUM,6,Nutrition_Fruit_per_day,Yes
285,2253,_VEGESUM,6,Nutrition_Vegetable_per_day,Yes
286,2259,_FRTLT1,1,,No
287,2260,_VEGLT1,1,,No
288,2261,_FRT16,1,,No
289,2262,_VEG23,1,,No
290,2263,_FRUITEX,1,,No
291,2264,_VEGETEX,1,,No
292,2265,_FRTLT1,1,,No
293,2266,_VEGLT1,1,,No
294,2267,_TOTINDA,1,Activity_yes__no,Yes
295,2268,METVL11_,3,Activity_1_MET,Yes
296,2271,METVL21_,3,Activity_2_MET,Yes
297,2274,MAXVO2_,5,Max_O2_consumption,Yes
298,2279,FC60_,5,Functional_capacity,Yes
299,2284,ACTIN11_,1,Activity_1_intensity,Yes
300,2285,ACTIN21_,1,Activity_2_intensity,Yes
301,2286,PADUR1_,3,Activity_1_duration_minutes,Yes
302,2289,PADUR2_,3,Activity_2_duration_minutes,Yes
303,2292,PAFREQ1_,5,Activity_1_weekly_freq,Yes
304,2297,PAFREQ2_,5,Activity_2_weekly_freq,Yes
305,2302,_MINAC11,5,,No
306,2307,_MINAC21,5,,No
307,2312,STRFREQ_,5,Strength_Activity_Weekly_frequency,Yes
308,2317,PAMISS1_,1,,No
309,2318,PAMIN11_,5,Activity_1_weekly_duration_minutes,Yes
310,2323,PAMIN21_,5,Activity_2_weekly_duration_minutes,Yes
311,2328,PA1MIN_,5,Total_Activity_weekly_duration_minutes,Yes
312,2333,PAVIG11_,5,Vigorous_Activity_1_weekly_duration_minutes,Yes
313,2338,PAVIG21_,5,Vigorous_Activity_2_weekly_duration_minutes,Yes
314,2343,PA1VIGM_,5,Total_Vigorous_Activity_weekly_duration_minutes,Yes
315,2348,_PACAT1,1,Activity_category,Yes
316,2349,_PAINDX1,1,Activity_index,Yes
317,2350,_PA150R2,1,,No
318,2351,_PA300R2,1,,No
319,2352,_PA30021,1,,No
320,2353,_PASTRNG,1,Muscle_strengthening_guideline,Yes
321,2354,_PAREC1,1,Aerobic_and_strengthening_guideline,Yes
322,2355,_PASTAE1,1,,No
323,2356,_LMTACT1,1,,No
324,2357,_LMTWRK1,1,,No
325,2358,_LMTSCL1,1,,No
326,2359,_RFSEAT2,1,,No
327,2360,_RFSEAT3,1,,No
328,2361,_FLSHOT6,1,,No
329,2362,_PNEUMO2,1,,No
330,2363,_AIDTST3,1,,No
331,2364,_AGE80,2,,No